function [x,w,r] = strang9()
  x = [0.873821971016996  0.063089014491502
  0.063089014491502  0.873821971016996
  0.063089014491502  0.063089014491502
  0.501426509658179  0.249286745170910
  0.249286745170910  0.501426509658179
  0.249286745170910  0.249286745170910
  0.636502499121399  0.310352451033785
  0.636502499121399  0.053145049844816
  0.310352451033785  0.636502499121399
  0.310352451033785  0.053145049844816
  0.053145049844816  0.636502499121399
  0.053145049844816  0.310352451033785
];
 w = [  0.050844906370207
  0.050844906370207
  0.050844906370207
  0.116786275726379
  0.116786275726379
  0.116786275726379
  0.082851075618374
  0.082851075618374
  0.082851075618374
  0.082851075618374
  0.082851075618374
  0.082851075618374
];
r = [0.0  0.0
  1.0  0.0
  0.0  1.0];

end

